127.92798
822.34407
829.12973
751.97711
653.28053
223.33100
740.66427
740.61089
215.97156
658.63460
615.98575
581.25813
703.66170
799.33424
895.00345
139.86053
669.64666
935.47319
822.55269
558.94290
172.72015
781.82836
597.32029
423.94522
170.16242
266.80462
377.89572
304.67968
836.85348
422.45442
195.94653
940.91269
667.51125
373.62239
276.51936
709.07190
992.05496
448.21473
353.46571
204.07831
509.09357
853.59392
608.99265
292.30314
946.53871
422.09799
545.33851
723.65004
833.34324
738.68542
190.57396
735.76196
846.36439
311.70425
652.52748
130.35331
904.35215
426.78695
623.83630
706.66695
242.06241
278.86978
558.12210
882.05622
166.49547
210.33735
897.29194
696.69192
418.25895
410.29221
977.96390
817.39439
582.05652
938.94937
544.01776
604.59062
883.30082
182.15561
550.27116
315.39610
620.85192
379.03446
137.28001
812.82202
643.88055
557.75530
678.26438
302.10712
989.85638
552.42808
189.15937
837.17499
251.66137
507.12287
741.79086
573.21586
265.82791
483.01434
914.17606
400.39369