1444685023
147143653
3553542816
296924024
2287143902
3393614635
4277729237
2742856284
3922118837
1334251687
1927764466
3653303069
4189953905
905797322
2048978342
1976012864
3780023666
72593689
3309147370
2026598387
1192920608
2429354053
2391167062
2226593888
489035206
547245318
2027952409
1465626752
3912271583
1387505169
3192017200
755847237
3669537464
2506042949
1030012019
2142922365
4107888203
3012864664
4086009460
245558715
545534357
244236176
634906628
3752918838
3546792543
552427608
3970438204
785031284
3831267936
1118505600
2833124253
3305871370
1955325325
3617541657
2149603724
2187261515
1324034615
2387593042
977866143
623867858
4212413696
2745928654
3217677041
3213529958
2428790239
1107949140
728885317
2170790102
2584491919
2531144770
2788449507
3379213673
3948496054
2955853479
3821232074
1104466351
4225208446
2298292067
3148968554
4272714002
104717507
486843667
1553709427
3655311003
1759685834
906228413
572712225
1161296095
3458485926
805746663
2456903478
4058822183
2321337986
2115250876
2106466203
2866489240
539240199
565575138
2452567575
1025393815